lr = 0.004717507986462826
lr = 0.0006293406202532138
lr = 0.0009566878766606422
lr = 0.0018444418503622828